[Extension]
angle = 35

[GyroCalibration]
calibrated = true
w = 0.561281
x = -0.029561
y = -0.795492
z = -0.226456
heading = -1.956645
attitude = -0.208692
bank = -0.413918

[CameraCalibration]
calibrated = true
fx = 629.837530
fy = 631.089255
cx = 315.442168
cy = 235.661353
k1 = 0.138344
k2 = -0.043595
p1 = -0.002638
p2 = 0.000409
k3 = -0.866941

